   1.4760390634809092E-007
   1.8818838908759697E-007
   2.3947866337051910E-007
   3.0417243452835230E-007
   3.8561321563292524E-007
   4.8793614725452224E-007
   6.1624456680847358E-007
   7.7682329651342620E-007
   9.7739566132618539E-007
   1.2274324475447849E-006
   1.5385223875642116E-006
   1.9248153261374871E-006
   2.4035510090129221E-006
   2.9956884572977468E-006
   3.7266531720786709E-006
   4.6272219754843776E-006
   5.7345681578105391E-006
   7.0934927857776833E-006
   8.7578715528772904E-006
   1.0792350434825126E-005
   1.3274327663430861E-005
   1.6296264157899325E-005
   1.9968369554712514E-005
   2.4421716349155313E-005
   2.9811840387306931E-005
   3.6322891999924257E-005
   4.4172408409127253E-005
   5.3616784610200503E-005
   6.4957526662133197E-005
   7.8548378120492878E-005
   9.4803417102323919E-005
   1.1420622804905675E-004
   1.3732025848872719E-004
   1.6480047680498121E-004
   1.9740645198093295E-004
   2.3601698025521269E-004
   2.8164638633008601E-004
   3.3546262790251185E-004
   3.9880733151515771E-004
   4.7321788468594311E-004
   5.6045170358836683E-004
   6.6251278681793684E-004
   7.8168065357579275E-004
   9.2054174850503452E-004
   1.0820233750054998E-003
   1.2694301937162618E-003
   1.4864832926019204E-003
   1.7373617993530447E-003
   2.0267469653063044E-003
   2.3598686025640076E-003
   2.7425537022844511E-003
   3.1812770021617896E-003
   3.6832132049711796E-003
   4.2562904779116541E-003
   4.9092447846777508E-003
   5.6516745192455335E-003
   6.4940948229681239E-003
   7.4479908756409979E-003
   8.5258693578296966E-003
   9.7413071872834364E-003
   1.1108996538242306E-002
   1.2644785060659872E-002
   1.4365710128799589E-002
   1.6290025867517228E-002
   1.8437221632190703E-002
   2.0828030557238138E-002
   2.3484426741129136E-002
   2.6429609605482258E-002
   2.9687973955015913E-002
   3.3285064276523564E-002
   3.7247511851323474E-002
   4.1602953319276298E-002
   4.6379929425726246E-002
   5.1607762807534409E-002
   5.7316413832288110E-002
   6.3536313696841970E-002
   7.0298174218097628E-002
   7.7632774010224170E-002
   8.5570721037549535E-002
   9.4142191859523286E-002
  0.10337664824107286     
  0.11330253218511378     
  0.12394694084982551     
  0.13533528323661270     
  0.14749092096962874     
  0.16043479592774970     
  0.17418504792761302     
  0.18875662608380436     
  0.20416089788098263     
  0.22040526037377570     
  0.23749275827452140     
  0.25542171398718405     
  0.27418537488897438     
  0.29377158334063008     
  0.31416247501380762     
  0.33533421115221101     
  0.35725675032553411     
  0.37989366508684852     
  0.40320200870092004     
  0.42713223677089934     
  0.45162818815342815     
  0.47662712901883231     
  0.50205986328709007     
  0.52785091195701817     
  0.55391876305297538     
  0.58017619304967416     
  0.60653065971263342     
  0.63288476532235449     
  0.65913678824898481     
  0.68518127982689458     
  0.71090972246215167     
  0.73621124390798420     
  0.76097338168205941     
  0.78508289069287451     
  0.80842658630854358     
  0.83089221435681326     
  0.85236933890620126     
  0.87275023815916830     
  0.89193079840182998     
  0.90981139571134406     
  0.92629775502978029     
  0.94130177627734113     
  0.95474231740072335     
  0.96654592463371813     
  0.97664750078332252     
  0.98499090303915848     
  0.99152946262742869     
  0.99622641958076774     
  0.99905526695740376     
   1.0000000000000000     
