[ 0.05998733  0.05903731  0.06739419  0.0696701   0.0605973  -0.93609855
  0.06203067]
580 0
[ 0.05856365 -0.94161329  0.06673133  0.06856635 -0.94039475 -0.93664694
  0.05830854]
[ 0.05713043  0.0573976   0.06597807  0.06743838 -0.94126185  0.0626064 ]
[ 0.05384535  0.05638626  0.06512459  0.06619586  0.05774271  0.06188078]
[ 0.05537435  0.06416093  0.06482602  0.05684915  0.0609276   0.0669042 ]
[ 0.05436986  0.06307848  0.06332236  0.05593735  0.05999314 -0.93544811]
[ 0.05353598  0.06187226  0.06168846  0.0549367   0.05884678  0.06250745]
[ 0.05254073  0.06054383  0.05994138  0.0540024   0.05768425  0.06035806]
[ 0.05170842  0.05910417  0.05811282  0.053053    0.05639527  0.05857484]
[ 0.0508766   0.05757544  0.05624642  0.05209078  0.05501896  0.05669772]
[ 0.05019662  0.05599034  0.05405643  0.05111146  0.05355233  0.05893739
  0.05477047]
[ 0.04452749  0.0493636   0.05409556  0.05218311  0.05014943  0.0520124
  0.0539895   0.05298457]
[ 0.0442044   0.04853128  0.05215752  0.04996504  0.04918595  0.05020959
  0.05139986  0.05100634]
[ 0.04388629  0.04784005  0.05027099  0.04781102  0.04822551  0.04860245
  0.04943212  0.04910137]
[ 0.04357885  0.0470042   0.05962122  0.04853719  0.04580402  0.04727263
  0.04672676  0.04739368  0.04717827]
[ 0.04327668  0.05078096  0.04630361  0.05608722 -0.95328645  0.04400976
  0.04627449  0.04446183  0.04537592  0.04530021]
[ 0.04297493  0.04902401  0.0455973   0.05349643  0.04438451  0.04245957
  0.04534143  0.04346589  0.04352672]
[ 0.04267484  0.04773782  0.04488525  0.050833    0.04115008  0.04442868
  0.04150289  0.04189874]
[ 0.04236233  0.04652847  0.0440398   0.04836213  0.04005531  0.04346274
  0.03916815  0.04019152]
[ 0.04198954  0.04551835  0.04331841  0.03900067  0.04259405  0.03679379
  0.0386587 ]
[ 0.04156961  0.04447178  0.0425902   0.05667213  0.0379326   0.0416731
  0.03730189]
[ 0.04114937  0.04326138 -0.95802743  0.05347201  0.03659116  0.04085261
  0.03624715]
[ 0.04069242  0.04182473  0.04122534  0.05093435  0.03523446 -0.96001595
  0.03502165]
[ 0.04025395  0.04019095  0.04046922  0.04834354  0.03368339 -0.96079549
  0.03392562]
[ 0.03978169  0.03781315  0.03970377  0.04538767  0.03838294  0.0327628 ]
[ 0.03927212  0.04027268  0.03335255  0.03903409  0.03763039  0.03154491]
[ 0.03872279  0.03973936  0.03824562  0.03684281  0.02996618]
[ 0.03813227  0.03917508  0.03754713  0.03610208  0.02782653]
[ 0.03750012  0.03861521  0.03673661  0.03535933]
[ 0.0368269   0.03601123 -0.96183464  0.03459169]
[ 0.03611411  0.03527262  0.03431058  0.0335523   0.03384339]
[ 0.03443532  0.03195857  0.03207239  0.03308759]
[ 0.03367785  0.03596058  0.02957771  0.03035114  0.03232363]
[ 0.03291208  0.03155324  0.02731659  0.02881704  0.03155126  0.03567296]
[ 0.03213991  0.02954314  0.02527867  0.02695946  0.03076614  0.03233696]
[ 0.03136333  0.02804797  0.02370096  0.0248563   0.029979    0.03056349]
[ 0.03052127  0.02682357  0.02215907  0.02264004  0.02918482  0.02936743]
[ 0.02974763  0.02576004  0.02067413  0.02019051  0.0283851   0.0281848 ]
[-0.97102409  0.02469365  0.01913276  0.01772329  0.02758174  0.0271087 ]
[ 0.02820789  0.02365264  0.01774412  0.01500477  0.02677699  0.02601055]
[ 0.02748417  0.02270673  0.01960638  0.01587866  0.02597341  0.02492974]
[ 0.0267221   0.02179014  0.01853506  0.01433973  0.02814793  0.02517373
  0.02380959]
[ 0.02596839  0.02092036  0.01741364  0.01204878  0.02340275  0.02438081
  0.02254732]
[ 0.02522436  0.0268026   0.02018374  0.01617932  0.01951282  0.02359742
  0.02105401]
[ 0.02450582  0.02342333  0.01943712  0.01489544  0.01728074  0.02282622]
[ 0.02377891  0.02168345  0.01872545  0.01349468  0.01531117  0.02206954]
[ 0.02306875  0.02083922  0.01785564  0.01203471  0.01366839  0.02132935]
[ 0.02236235  0.01692481  0.01055944  0.01225626  0.02060718]
[ 0.0216614   0.01593326  0.0091227   0.01102876  0.01990408]
[ 0.02096757  0.01462318  0.00754604  0.00923226  0.01922062]
[ 0.02028241  0.01324114  0.00607181  0.01855694]
[ 0.01958875  0.01488044  0.01152933  0.00378653  0.01791278]
[ 0.01892204  0.00986098  0.01728758]
[ 0.01824355  0.00712839  0.01666423]
[ 0.01757418  0.01607247]
[ 0.01694479  0.01547607]
[ 0.01627057  0.01489111]
[-0.98436096  0.01431738]
[ 0.015022    0.01375464  0.0183255 ]
[ 0.01438982  0.01317384  0.01540024]
[ 0.01377497  0.01263136  0.01373985]
[ 0.0131792   0.01206834  0.01235739]
[ 0.01262735  0.01148182  0.01093958]
[ 0.01207148  0.01093605  0.00954372]
